$ANSIBLE_VAULT;1.1;AES256
31366439373563653063306262336466666664333833666231326564666163653164363735623032
6339326663383666656330316136636538323835373166620a333164386439633538643066303166
64623062653832343238336266393061343532663066643739303561313638623438613761663665
6536616666653964630a633232623563393239656666393739656662343933626234383165303837
33363431376338323931316233303235643739666336386266366338326333326664323438663065
64313739356539363934616466373664613031626437356664303839623561376561613866323464
39653639366633303939333861303862646530386363383439633566316230343839616434643838
34653735363632336130323363636636373632353666363830346365626135333735666231613033
38316332393264303831623736323436353162613133366631393437383333316366353532303039
62343537376130663539373838303436333132323364376164653833613738383335303064306537
36613732633532303935353134353934373465356637326533643761373231623134636638616232
61643166303532636561303735363232626339336434613536613437306139613762356165363332
64333231353665373966613666666463613461373839653934316464613634306232613436393131
38303134666433316633643239363663666263643937376162396461303637663031633337613863
36653334613166323061663263393532336561643232386365393235653863626166313865363335
31643034343631393735646137346433353639373838333663313937656636643161623832343934
65633364653431666134343133343639633965353361386339663137393166386532306333623731
65393465366233343035613838666334366130313936373238663865323033356665376266663062
62643365623239636633366238393562343730636238373163383931306539303536323230383765
36316233353533383865643931353161393731336166666439356330343364633566353036636363
38303464316361323539313433666462363838313437313465616263316663386638373936643564
63323736303439643533383765636530356631323636366236306130353439303037636466373938
34646531653534313935616435333233353635393961303936363761663233653764623732393362
35316164323264383038393438393535616565626139393338316663666533616536613664316565
66656566353736386433363432306432383961326330623139643135356436343632373533626364
34376136316165373639383265643665363235316564333233386639383631363634653036646131
31363437343436636430386139633130373362336137333731393331373331316439343238323964
34666561333734306663313964363733666638373066373836346463616661393062626564646438
32336564633662653961663165323262613531653237643932383130316233303264333337303834
30663362323132646435376136366561316162346561616564336165666433333139616334373830
33313433373063623536633432626336626632323830306264303066346530393839643264626638
66303336326239353139333364346135396463323339616537363265306565346234356464303362
35626237323564656463646333383336636636306333393566386438396537653832383030313235
39393237666333343736346239653764623835613337646636636539653237663166313638616438
66336462666664356238306633313731383562363266643835333536333631363036313239346138
62396231326161626638353332643639633366313737356336363932626437376433373937336431
63303738656538626664373334323161653538326632646338363831343034393063613033643331
64386438636334386262353634396361323533356465623533353638663038376132346435663666
36363661373430303838353161393037356130653265346333663631353865303463306630306533
39663232636266376162323237353432386666393064306366663433613836636431313438373663
30613535396330633838613462626437616339663966306565353264643732313432666538323163
64326363623465313630646666623834623131646536353435313065313763343335313062613034
65323036663032616230643138383132633137303061336530626330653335646462346633353766
39366166396331666335313766313331363962636661666238316534326535616163623333623631
35326464376535643736663732396134666563333061383264356565613139346163333437343266
34653231336363306534326135633865306236663463316566373730396532616438623263346230
66333939306334373663626339393939393662646262353565333533336338323234313366633762
35313564636137386562633439616433373662643164656264663438663531636364393237356330
63643733303662303130626661613666386164656136616535613162333033323963393063353937
35313262336361633362303165663932643363613766383531623962653738323038386233653166
36313438383735623264663663333363666130626361333432333636663034646565316337383638
38303064376531323034353964613834376439326438353066326435616536343866323661616462
36643935356362313261343235353134306333336135646361366266646431343934373061333832
64633336613166336464383534346538366233666338386133643038653634623439356661623563
31386439656532356366383334363036366438666338663037326165323039653061346636626136
66333664316232323239613061323434336232373131326335623761313538646264626565306334
32393065643766393164343466663637656161366539323864656666353536323137663463663532
61396134376637623637313736343136396464363437323966363062666438306265313131666261
64633161306137373633636630346138313430353539393663353630336163666561323465643136
36646630316562366239363936653832316334306634636139393431336537313862326339396665
39666261333730333134363363393433313161343338663335313661316366356461656334306634
65353061616264346635383661366636363861393033323333663066396133343330393937323635
32316530356537663263306261316264323336323932633866353562663664383532643734393733
38383262373837653564623535353566303536383364326662633834316131373265346634363932
33613237306433326432613032343233333862393166306130663662393834393133333532316537
36363036343266623539386234623363366134626530626463326361303766626635386530306236
32346130393938646331336230396533613638663839316339326339613234636432636262623532
38353636373335313866653331383465663731653932336332323438643463303431656334643137
38383932326237313538643736613334663936353661323432396166303763666234303438373331
39336665653034386630623339373136393466666236336161363238386436666437326533346366
37613938333730363933353833366133396134306566373934646134383637366161646535363433
64366234643431353533643164393730646666646431306364353034373236376161333938303830
31383639376462393464363139616438653261303866333537663266356361336233373438666334
37393634366433383764393466333866393833323064313464613330323564633039653465616334
34343364343463356239313537613531353666346530313630653938623038623938396333383362
38613364666632636438363739613361353032396362386535343337626135613762623037363234
31336331646339613762656334353136633432333462313061616466393239666538663461366663
64623563393237373731636366356631396137353535353763363232316163343833343534636266
61393235303336356233653734303763613764393931383864323537626431336365623932316330
66623335633430613832636239303765386665636235323738376135303864366232646137356635
38626561383235623565343930353837353263626264323839356430666234656135333234336361
31666531383338303834633830303038326639393639393466386535356533323265326239623964
38643235656665633036373738663063646335656336646264396566396465393538636230323663
61363834393036373961656663373137376637366361386363363238636230316165663033633263
31353935346233663866303936646664373839353833643734613333323665653734363166666439
63653434326439636265613739326138643437336662396631393361306263316230643338313330
31643535353238343237343036386330623432376262326365343261646364653736633238643562
62326530336238396261653037303461386638653137323835643530373630656336376233363263
37303836366636356566333333313838323361376239643230353832656330663032613136333835
66646363653566323464383864653935336162316232306434663135653662653565353834396139
31376134336131393133613833633734346230333838636433323234666262636534616165383030
30363364343132393538623633356566313232346164626639353961623663396164616466343662
34653163633937303165343737366134333861323034366538643065653935666536613935303863
31306436336364366666643339653937313363393838373261316635633266353835383262623432
62303765313331303439386632613362393635363538323565623632313961323230376663636131
34653134303861383664633764393438663561633264373230666665343639393933376361346465
61646664386633386163373337303137326437313432336139346235366337653335656631623733
64613637656537343631383764333762366164633466363337353038623666646662643461316236
31333137373736396530653435663061303466623839316138343736386532313236366562653238
64663463646162353939333033353839313263643536393739626231383939613733626561346635
64633165633035373738306633623935623833616161316439663739356265363964323430303865
38386330366338623964353938646138366330306464653238393931333965393061373636396236
32346263346162356336626265353566313234316532333936383766303562343639303664373165
32323232666230353662383362303935363633356465333437623438643165623132643735396362
31313631663265366161356232636432383336356432346638376232316330616463613433636463
65333964656561343866323233616533656263383132636661323337373230663133336538363636
66393762346262616364616361336531396533646466626639373562626335333634386536346137
62663332366535323466313636373462316265373638383534626137653365656364376632396530
32613138373030383539396531393739643063616565343732316538353161373636643033633262
30306562633563336533633036313465396531656465393936663466623233643966333034353731
35343232643064336566616631363765313961303537373838386265373031343761633433653338
62306332343361333561656361343364303939353436643030623330646264303163306435663534
62393635343439366164646230633666613139663666666338613236613132666234383164653436
32303934323862383366346636303962613832306333306436343532313063323537643963373336
38613032303436623238396530636234386533666265313834383839636534333536663362633264
31663165303464646632376439663338656639343065336562653066303239303530633734333730
35623736666561653265333831366239343962326338303833653332386462333533303866636438
34613838313466313766663639303134333831623662366266633232666636376134623639663839
30386434366437643363323530303065653738653438363861646466663263376539353834663662
64666334396263656163386661353234613235613235333264643362383865386135646233353533
32653236363334343831343065613736356366666462373263656634663739386230356266386161
66663164356237616532363135376263633766383134303633386537303130633938346534653735
65306333393430306265356130313761633462353337383261626639373739623663356537353531
39623533343162643361323834323339383935343563333130636235646265333739633538376236
36633236336562646630363163633332326136626336313837386239363337373161333561303665
65316337623432376239366430616435626263393266663339363164336636643837343833643939
34313932616335633163623761333735396166623166346333336439633532356166303839643534
37616161356232353664626535343133373735356139343266643933383563376664646231396333
62666166653931356639663239666335633631646130363135303332656664396662363332343863
33323731636662343330343232646265383036663761383839623863353232623939613164363666
31656161356164383433353866326238313138666166626161326236323033313435656664656666
65633134663436333635343063646436646536616262373636623864663632343166373631663434
30643336396330303735356662633636656534386632646333343136343265343433333466633539
32613766383163323931323538303563396334326362303230363762313961373933353239343266
35393538393133316338663963396363303561663062613334613762383039633561656362356464
30613264643263666361653863393830386339333863373131646165626337643338643339343634
34643466386465373439613661313031653239613530633661393666633239633763383431626162
39376265363466373631643035646639363634653565333966396532356461356261306262363763
37346532626661306563636232373962663835393064333961626130376138326562626232393134
37366132346564326432393962326464343766393532353264643166383536396632623333636335
36333132313430646435663864616338396236343464373136633862316263663264316133376462
61643435353664363134336537316461623835646137653432356639323931613230376432303964
32323133313962616535626662393130323630633431633262323131633938633534326162633630
65613838636463393638383032333034326631653464626433363535616139643636383639656562
39393338316465363132306363653764343232373333663437646539386563356235336232313835
35616333323761393230666632353864636137623433386433383430336334316465366362376431
33303264393730633465646663393965653762373536636438633766323739343666613563643239
66326130376437353536666462363836313138653035363063613463346666633832663037646432
35383938643634323639303339363462306432663732353863316533323465663862616632316138
62363432393361323538333633363262663534633732653334646132346430393563613231306564
31313561643430383536343631653431366563333431303131643662666136313762356438346330
32353033343538643937326562313535643466326262346262316231636437623138616635623038
35353766313065363038323033646332613434326163393665333463646333393866353230663136
35656565626131666636396666613233663737336337623965346138643333386439636337656363
66376663653664323434316637326634336163383262333934626436636466356564666638663931
32346435666664663962326334373561343333373638393039343838666234393336666136393831
33313031323838336665363333653633623532353533653266343037393163336432353563356633
66376537326334336138363532613338313938303335343762363937383665396665326130353130
35373735353731363039376235343664633132353465616439363531316138383562643065323138
62313066343766353135653536326464353233666637393334336465326564333834333638643762
38333461393838363466353032306530373233326130323332666233656230626363343236393161
65623631386563353339336238363633653635333861613634353134643566646665656363646665
32373665306433663130396435303365313430636364646566383635356339643363303063663830
36303161623531646266666462633533306239373332393533363561656438613139333261613961
38346230623865386634656437613131323765313431646639656435306564393830373632633333
64303534323338356463633163386331343333306361373336616633373133366262373738373230
66663235663633306661626239366437306239323730383065653562323031353561343761376561
36373564613165353437616339393733363263373733323432656262336630663836613761353736
34386365396130653365613738363462386333366265323462373964343163623133613565643762
63373032643635303763366664646433633331656432623534633462363964646465623966643263
63636139636138636131343938643333313831303965393261343038663436323333336131656231
35366266366266373865663966663863343666396564643935336239646265396538633631306238
34393334366636333630653864366535333333396563393733646637613430613139303635353936
65363737386263646239633838363463373031616439323031376434356339653666653035376336
34346463313736636634643236636630333362346334373536303763653164626636636561663030
30636463316561313164323361366536613831336661363838333635636464636230633461663534
31633261376638663062336637343838316338303531373764353239313733643733373836386334
36326339376239353739303432353864336133393738356538643330383364366634666661613062
36393464643537383234396635323664376664306366383339633630366439393931356535633931
30633731363061373039326339323262366331323632343734316462623364613464613566386263
65353733376330336466383336393237366330326432363261323638323861333563306361343563
62643139333635633333336264313361343436326633373163346638383833323563613266653037
32366665383132643536663532366431643233366364616435303864666262303032383131363535
33626235343866383237313366376263393663373931393137363462353337633932336362333030
37633765626666643832366266623063396430343363353539333161613065303239326665323433
35323135383061666364333633373765626265613064323431336666366666616133343532373562
34633632396161376566316537356439323439323731343737346634386638623434366262373037
34646162386464636661383531663133396337366266333333653766373933373439303932316531
63633734376265656139313932373166376366333161313764306662373162646232643464646565
31316534386133383565393164646266313239316661336433383133336264613731366431386663
64656563666331376237666538313762306230346134373832303635356164656464626533323565
33633239646635356337303061353964323231373435633237376136353837366463646661303461
34663565316430303662653139663766323963626632393465383839333534653334666666646439
35386566383635376663396462663235343438353733616132303964333563626133383539393035
32326365393662353836663233366230636362316232363063393833633131366233386534316561
36666566633633323832383236393133313833613637353531306639313762323464623266613362
64653265636232363933623435623233626565303433303638323939356161636231643965646430
66663866373434303539373239373232393038343836626333643165373530303334343237396337
38633365343137333430616366383964646131356338613862313632656334613335353963646331
35343734613731353162303861626634323334366333396439376334663638653965626265613963
63643739323839383135336134316430333734623538303866636138656265343462643766326336
35363139393238313438646233373831333034386637323233623135623431303934336364646364
63306366333439336162366630383963376162323166346561363431373734303664366330613166
64306132386164646465356137323837393638633562663562366534343835653532396435613138
35386633343232323861656166633764333436626661383434623162316138313332366434346162
31343338633730306263323831303264373562333663376563346464373139616131666236306562
30653830336134393332343466343634643830393631303532356234646333396137336638343364
30626366373439643932303933346566316433626663623063343530376235383561363561366531
31346430633438663038343164666335353030343835613465353638383261643634303434343862
66353830653036643838653261666335616435343138383830343264343431306165306430613037
34623337633861313034326139646535386234333064616161313463383636356161306565313632
65326561336463396436326533336632323066303432376533396264663033393362396637613338
36383231383066306531663832376464346533616664663563363234656438643833346532623835
33316632643364623939343937616364633137613739326438623035376130333765663162346166
61333839656530363664323565396433303661613333636631303030623865633234303662636231
37396530613266346234613561316339346266623961393536396163623433376262376138653635
35623536343630363037363335336634336338316562653165363836643266376161323863623135
66386134636332396666343162656564316563386131623138646365623734303430316130313934
31616566353632393738623838393365616661376164303662346634646663396265313437653034
65353236396433393263663533643066383431393838623739633861353937376164653464356562
62343738386166643466346435666566303561383161353463656635356361356436643932656139
35343661313766646337616461653561656637663437346135633564376133346539343332636137
64313264383533363831373532326638373739653639363139653933383061376462336237363465
33616261343831623634633133626239663731346464636333633730623563303233636139633136
35393536356139383266313839646430383264373734393766663831383238616336353738653966
65343332653935393261633566353836343130303439663364336633393261306463396538396630
38663263363935363366316631623339626263353066656435346639656233366130376530633462
61613832393534313464346337313065663434316439363830376337366538626437393932383062
36323533306361386438303435633631613135646361366531376266653931366161313233653632
30613734366463393731303233366538666432346266346631623762316435353932373761313034
64626231313438336265396666336334336261323030616261353738316566353761656164633139
63356530383332636536653538316335303937656439303232633932643936326361346637666130
66333034353762323233386330346666326663636532633332643664363163313339636533303132
36386237663833373365346137376363633231653137646235303662363563623662333638616434
34346661376465303666326363623536623530306333323863626631646362656234626330373962
38623365393162336363396539626432333665613464373530303834653165323237616232363464
65306664393731646430636338353931396161376336666432303339356465623463373962613835
33313432393761396164393136623033663031633436336661336632643861656339636631633938
66353830663033376665323830313735343135383937316662303930383936316535306162343662
64356562626461666634356562646531313836396364396264363764303937663236616333666463
61306634626435303563393333633666623361626565343762366437626165633961323063306238
65313639353162363135316534336133313332386165373033333562363265613564386230383064
63653537353363393065633562316666323165376239353966616638653165346639643364343332
32313666326434333931346464383738646564353637333630663863393466366161616365386437
32373739653334356131613039373935323162396333613838303265653737373661313163636464
34613262643334626163356438633630316232303130383039393939316463633539343431353039
34386639366438333865353463363331313139376537633937653361303664633938666136333430
64626536313465663530343461623032343361376563313137386361313833353131346466333065
38383166306337643436643064623866653263363031383534333463353263323835623863306532
32623431393431336332646630623939613533626130373039623062613039613635613635393762
33393933346630323336353565353130303163616235636465353930613738313539346563316635
39396331646638346161613561323462383935303438623464396566383837306166613763323533
65383531646265393264636330646165373866616462373730656539653466393332363462363133
34393366626564613763363266343061373036633137616333633430636366316339303736656239
30633438376536653636333238316233323339363766656139343136313865366562633835613061
66643363653330363333656531666330643232373339386263323632313635646231643561313736
36663237363362366131316631323932663963663632663832323364653831316634623461383436
30303565636362666663623165656365353665613339366132313661383261303431386334623863
65333162393361636462616235333732613331313432326639373163316336613735663963383338
63623435393339396262316338333662393439663436656131366637333464376430333963643866
38663138633634613634643163396231633833313462326362663830326436313936333030323932
66363438343438376538306131653233333735336466656431656337656663316165636166383731
38643864616630636365363839643561326664636532613865376464316630626533316635366536
31373636393962303165393864666563343231666564653636393833316434366163643536316633
33356337653834363637346435666463323565663361323533306635653838326461366462333838
66303233396364356539343662383333323930346261656636666436653434316439353033343862
64356336353232316538333362613435306139336464653762393538646431653165663333346430
36313465653333616237393939323734646631643939656637633962376336656363353639633130
39303733613533333865653133316637303465353461626530663038386166636430333335633864
35363861363663616437643936363962366434383263383565656232643363613434353764663162
61643362333362326538313037343834386231633937656137386265383431383265393738623232
37373835373265346232323533306434633266303831363531616631343838393838376630643364
30383466636133643237653337653236323765366139663638616231343766376333643062376365
33623234363766306665373130656233333031663339326631366332336663383533343635323665
32323238626532623233333332653963336139346236333562326566643266313065636464343166
37346165663731363564626430303162333235333331376566346664626633363430633839376333
38346430653064306639343031363661353764306561336236633135363439323932376663336534
34626263316637326134366435393038366362643661643737643733366637363835626363303331
32396161343037303739333666356163663037633436616635663232393035373162386666626636
62323063633130366330346239393037613734663361363462333361653732626330383737653635
62306662373739386163313737636234346235336233626639616162373966653764343433306266
32353136623632333565373264613432636365386630653666386166336633346433353338396636
33663031333032373538373062643236333937656338636137313066616665643838646430373466
31393539353365633832386539653536366339616665353362653965303234363365376631386439
39353564316565323231623639333536346331393265643934613739653536333461366538353931
61306632346639353364626561373631613736653335623936323237626433396231313563646438
63643637383564386164663639353563316131386666353366373238373966643635616435376434
39656335653135396262613932663464336330373963363261616333386363373230623465613635
63636133383830623066626131623734343734613137343761333864313933653930653430306430
66346230643535316565323366653430353835373935646564386264393765623331643231313265
37323438643136646263663434653730343164386361303939326437323638633439653431303633
31363839613737383231633463306265373564636261656366353161303738306133353630316132
66376563323461613632353066303833646433626666613761356361656661336562396665336236
34366233386235626230373739333638393930623737373330366232363531663961636136616138
62336563633562656136313139373536646465653135633363333536353435313036323931663962
32356234613764653437613465633261363137643765306665343631653936633561333334336136
32323461346538366334633338366536613261663738363166613934323334363364653562396331
62366132313439643436346636323764353961393464663365383131393962636432663938373635
62633362363364613632383439366339643663643965643963663461393330303433326133343264
38336462373637326239623436383035616661626165323432373564313236353733623935333365
39653232663261623737393334303833383362306333623930393134356263326165316136323263
65363439316330386130646664343335346539653930393135633632333738363630356462323066
35353363343065313764623166393435663162376537313463643335336636303332383136353635
61623063653830396334646635346532656661613766343761373339363965616263326635326638
31336366613566333430626134396230393164306233323235656531306462373864666139373266
61336235306161633337313636383937353335323432616634396333393831376239653561393962
33326663306330383731316464636339366639646466396461353439363464643233313131313066
65613636633237306361633532633432363364636334346532333435636230666161613735653334
64636331646331353732333766633233653733343666646532613866326638333132623462316230
38333366633133313138653937613431346164626163643061616630663632376433383936666665
35363839393231643930366330633736356161333730663362343261343839653332343438333330
63666136303736353232373931643364323565623935633861636638313234383032313262623031
37333235656330616534373065643739623239613830363166653332656138636364663237333765
36346461653361373461353663393235343766326231623466353663616631396230616632383261
39613262386662663339376139653262303838383865393338633336643736653134323833363866
65353764356533313061313165366131666333633037643736636330363236343635353663376337
61616336383461653634333437666233306232313030623134623963373162373131626565646261
61373439626634616534643031636162643035666431633230383232396130303335336264643938
30353263333237323739663731353433333034663032376634363737366266396665333231373032
66653637633263383634653565633130613432383466313462386536393739346135653763643462
3564
